intrinsic:
1.53904144e+03 0.00000000e+00 7.52444008e+02
0.00000000e+00 1.50465500e+03 4.33215709e+02
0.00000000e+00 0.00000000e+00 1.00000000e+00
distortion:
0.30473457 -0.49639774 -0.01820442  0.05787781  0.46647001